A=[1 2 3 4 5 6];
B=[1 1 1 1 1 1];
C=[1 2 3;4 5 6;7 8 9];
D=[1 1;1 1;1 1];
Z=[0;0;0;];
E=[Z,Z,Z,Z,Z,Z];
F=rand(10,10);

a=C(1,2)-C(3,2);

